codewords with cyclic distance at or more than 15:

7102895297417    1100111010111000101100011010001001110001001
4775034489945    1000101011111000110001111000000110001011001
8658572973205    1111101111111111011001010101001010010010101
1933768532285
5236385625886
7473348856791
3269148877128
2248990608779
0945438659800
5317948128657
1583511060917
7652236195312
4084626710506
1237921075436
7320379831935
7556757913284

0   1100111010111000101100011010001001110001001
1   1000101011111000110001111000000110001011001
2   1111101111111111011001010101001010010010101
3   0011100001000111101100101100010000100111101
4   1001100001100110000111001111011011100011110
5   1101100110000000110010011011100101111010111
6   0101111100100101000011101010010000101001000
7   0100000101110100010010010010100110110001011
8   0001101110000100000100010010001010011011000
9   1001101011000101110011010001011110110010001
10  0010111000010110000100111010100000110110101
11  1101111010110101100110100011111010111110000
12  0111011011100000110101110010101111111101010
13  0010010000000111001110110001001000011101100
14  1101010100001101000101000111011011001111111
15  1101101111101110001110111101111111011000100
